    2.0000   -202.59196878   -202.01402587   -201.96817531   -201.75621164      0.00000000      0.00000000      0.00000000      0.00000000      0.00000000      0.00000000      0.00000000      0.00000000
    2.4000   -203.00692511   -202.56587023   -202.55131148   -202.41249252      0.00000000      0.00000000      0.00000000      0.00000000      0.00000000      0.00000000      0.00000000      0.00000000
    2.6000   -203.10346881   -202.70893239   -202.70170788   -202.59580938      0.00000000      0.00000000      0.00000000      0.00000000      0.00000000      0.00000000      0.00000000      0.00000000
    2.8000   -203.16121326   -202.80207474   -202.79873124   -202.72128410      0.00000000      0.00000000      0.00000000      0.00000000      0.00000000      0.00000000      0.00000000      0.00000000
    3.0000   -203.20067015   -202.86060647   -202.85969699   -202.80900865      0.00000000      0.00000000      0.00000000      0.00000000      0.00000000      0.00000000      0.00000000      0.00000000
    3.2000   -203.22070552   -202.89951243   -202.89935597   -202.86637563      0.00000000      0.00000000      0.00000000      0.00000000      0.00000000      0.00000000      0.00000000      0.00000000
    3.4000   -203.23216289   -202.92500002   -202.92415638   -202.90487876      0.00000000      0.00000000      0.00000000      0.00000000      0.00000000      0.00000000      0.00000000      0.00000000
    3.6000   -203.23857340   -202.94147124   -202.93997770   -202.93031452      0.00000000      0.00000000      0.00000000      0.00000000      0.00000000      0.00000000      0.00000000      0.00000000
    3.8000   -203.24203406   -202.95266157   -202.95002483   -202.94632239      0.00000000      0.00000000      0.00000000      0.00000000      0.00000000      0.00000000      0.00000000      0.00000000
    4.0000   -203.24377933   -202.96119498   -202.95635769   -202.95520497      0.00000000      0.00000000      0.00000000      0.00000000      0.00000000      0.00000000      0.00000000      0.00000000
    4.2000   -203.24453921   -202.96738146   -202.96030419   -202.95993420      0.00000000      0.00000000      0.00000000      0.00000000      0.00000000      0.00000000      0.00000000      0.00000000
    4.4000   -203.24475459   -202.97131214   -202.96273767   -202.96264486      0.00000000      0.00000000      0.00000000      0.00000000      0.00000000      0.00000000      0.00000000      0.00000000
    4.6000   -203.24468532   -202.97357860   -202.96424385   -202.96422230      0.00000000      0.00000000      0.00000000      0.00000000      0.00000000      0.00000000      0.00000000      0.00000000
    4.8000   -203.24447699   -202.97472361   -202.96519053   -202.96512087      0.00000000      0.00000000      0.00000000      0.00000000      0.00000000      0.00000000      0.00000000      0.00000000
    5.0000   -203.24422358   -202.97514459   -202.96575016   -202.96566275      0.00000000      0.00000000      0.00000000      0.00000000      0.00000000      0.00000000      0.00000000      0.00000000
    5.2000   -203.24396545   -202.97511511   -202.96607981   -202.96598935      0.00000000      0.00000000      0.00000000      0.00000000      0.00000000      0.00000000      0.00000000      0.00000000
    5.4000   -203.24372516   -202.97481944   -202.96627429   -202.96618777      0.00000000      0.00000000      0.00000000      0.00000000      0.00000000      0.00000000      0.00000000      0.00000000
    5.6000   -203.24352067   -202.97437972   -202.96639082   -202.96631125      0.00000000      0.00000000      0.00000000      0.00000000      0.00000000      0.00000000      0.00000000      0.00000000
    6.0000   -203.24318891   -202.97335625   -202.96651062   -202.96644697      0.00000000      0.00000000      0.00000000      0.00000000      0.00000000      0.00000000      0.00000000      0.00000000
    6.4000   -203.24296601   -202.97238324   -202.96657393   -202.96652429      0.00000000      0.00000000      0.00000000      0.00000000      0.00000000      0.00000000      0.00000000      0.00000000
    6.8000   -203.24281435   -202.97157005   -202.96662502   -202.96658633      0.00000000      0.00000000      0.00000000      0.00000000      0.00000000      0.00000000      0.00000000      0.00000000
    7.2000   -203.24272693   -202.97085460   -202.96667199   -202.96664345      0.00000000      0.00000000      0.00000000      0.00000000      0.00000000      0.00000000      0.00000000      0.00000000
    7.6000   -203.24267353   -202.97035166   -202.96672263   -202.96670012      0.00000000      0.00000000      0.00000000      0.00000000      0.00000000      0.00000000      0.00000000      0.00000000
    7.8000   -203.24265491   -202.97014282   -202.96674755   -202.96672745      0.00000000      0.00000000      0.00000000      0.00000000      0.00000000      0.00000000      0.00000000      0.00000000
    8.2000   -203.24262767   -202.96979179   -202.96679535   -202.96677914      0.00000000      0.00000000      0.00000000      0.00000000      0.00000000      0.00000000      0.00000000      0.00000000
    8.6000   -203.24260880   -202.96950863   -202.96683694   -202.96682593      0.00000000      0.00000000      0.00000000      0.00000000      0.00000000      0.00000000      0.00000000      0.00000000
    9.0000   -203.24259492   -202.96927956   -202.96687672   -202.96686792      0.00000000      0.00000000      0.00000000      0.00000000      0.00000000      0.00000000      0.00000000      0.00000000
    9.4000   -203.24258423   -202.96909084   -202.96691225   -202.96690514      0.00000000      0.00000000      0.00000000      0.00000000      0.00000000      0.00000000      0.00000000      0.00000000
    9.8000   -203.24257576   -202.96893374   -202.96694383   -202.96693805      0.00000000      0.00000000      0.00000000      0.00000000      0.00000000      0.00000000      0.00000000      0.00000000
   10.2000   -203.24256895   -202.96880183   -202.96697188   -202.96696714      0.00000000      0.00000000      0.00000000      0.00000000      0.00000000      0.00000000      0.00000000      0.00000000
   10.6000   -203.24256340   -202.96869025   -202.96699681   -202.96699288      0.00000000      0.00000000      0.00000000      0.00000000      0.00000000      0.00000000      0.00000000      0.00000000
   11.0000   -203.24255885   -202.96859518   -202.96701898   -202.96701572      0.00000000      0.00000000      0.00000000      0.00000000      0.00000000      0.00000000      0.00000000      0.00000000
   11.4000   -203.24255507   -202.96851367   -202.96703874   -202.96703601      0.00000000      0.00000000      0.00000000      0.00000000      0.00000000      0.00000000      0.00000000      0.00000000
   11.8000   -203.24255194   -202.96844339   -202.96705638   -202.96705407      0.00000000      0.00000000      0.00000000      0.00000000      0.00000000      0.00000000      0.00000000      0.00000000
   12.2000   -203.24254929   -202.96838249   -202.96707218   -202.96707023      0.00000000      0.00000000      0.00000000      0.00000000      0.00000000      0.00000000      0.00000000      0.00000000
   12.6000   -203.24254706   -202.96832940   -202.96708634   -202.96708467      0.00000000      0.00000000      0.00000000      0.00000000      0.00000000      0.00000000      0.00000000      0.00000000
   13.0000   -203.24254517   -202.96828293   -202.96709906   -202.96709764      0.00000000      0.00000000      0.00000000      0.00000000      0.00000000      0.00000000      0.00000000      0.00000000
   13.4000   -203.24254355   -202.96824207   -202.96711052   -202.96710930      0.00000000      0.00000000      0.00000000      0.00000000      0.00000000      0.00000000      0.00000000      0.00000000
   13.8000   -203.24254216   -202.96820599   -202.96712086   -202.96711981      0.00000000      0.00000000      0.00000000      0.00000000      0.00000000      0.00000000      0.00000000      0.00000000
   14.2000   -203.24254094   -202.96817405   -202.96713021   -202.96712929      0.00000000      0.00000000      0.00000000      0.00000000      0.00000000      0.00000000      0.00000000      0.00000000
   14.6000   -203.24253993   -202.96814561   -202.96713870   -202.96713790      0.00000000      0.00000000      0.00000000      0.00000000      0.00000000      0.00000000      0.00000000      0.00000000
   15.0000   -203.24253903   -202.96812026   -202.96714640   -202.96714570      0.00000000      0.00000000      0.00000000      0.00000000      0.00000000      0.00000000      0.00000000      0.00000000
   15.4000   -203.24253825   -202.96809924   -202.96715588   -202.96715301      0.00000000      0.00000000      0.00000000      0.00000000      0.00000000      0.00000000      0.00000000      0.00000000
   15.8000   -203.24253756   -202.96807717   -202.96715980   -202.96715926      0.00000000      0.00000000      0.00000000      0.00000000      0.00000000      0.00000000      0.00000000      0.00000000
                                                  
