      2.20   -202.84799855   -202.34712392
      2.22   -202.86760296   -202.37339366
      2.24   -202.88628262   -202.39857575
      2.26   -202.90407723   -202.42271467
      2.28   -202.92102524   -202.44585327
      2.30   -202.93716384   -202.46803276
      2.32   -202.95252890   -202.48929263
      2.34   -202.96715496   -202.50967083
      2.36   -202.98107530   -202.52920361
      2.38   -202.99432180   -202.54792569
      2.40   -203.00692510   -202.56587030
      2.42   -203.01891456   -202.58306926
      2.44   -203.03031835   -202.59955302
      2.46   -203.04116343   -202.61535075
      2.50   -203.06127958   -202.64499869
      2.52   -203.07059901   -202.65890134
      2.54   -203.07945651   -202.67222291
      2.56   -203.08787368   -202.68498702
      2.58   -203.09587119   -202.69721628
      2.60   -203.10346880   -202.70893243
      2.62   -203.11068538   -202.72015631
      2.64   -203.11753896   -202.73090794
      2.66   -203.12404677   -202.74120655
      2.68   -203.13022527   -202.75107060
      2.70   -203.13609017   -202.76051782
      2.72   -203.14165650   -202.76956526
      2.74   -203.14693858   -202.77822927
      2.76   -203.15195011   -202.78652557
      2.78   -203.16169168   -202.79272941
      2.80   -203.16625272   -202.80033304
      2.82   -203.17057304   -202.80761750
      2.84   -203.17467116   -202.81459108
      2.86   -203.17855827   -202.82126641
      2.88   -203.18224479   -202.82765575
      2.90   -203.18574059   -202.83377078
      2.92   -203.18905504   -202.83962268
      2.94   -203.19219341   -202.84521873
      2.96   -203.19517326   -202.85057509
      2.98   -203.19799615   -202.85570119
      3.00   -203.20067014   -202.86060649
      3.02   -203.20320205   -202.86529817
      3.04   -203.20560058   -202.86978867
      3.06   -203.20787176   -202.87408454
      3.08   -203.21002201   -202.87819398
      3.10   -203.21205741   -202.88212486
      3.12   -203.21398378   -202.88588476
      3.14   -203.21580664   -202.88948098
      3.16   -203.21753126   -202.89292050
      3.18   -203.21916263   -202.89628299
      3.20   -203.22070552   -202.89951243
      3.22   -203.22216446   -202.90260082
      3.24   -203.22354377   -202.90555441
      3.26   -203.22484754   -202.90837920
      3.28   -203.22607968   -202.91108091
      3.30   -203.22724387   -202.91366506
      3.32   -203.22834364   -202.91613694
      3.34   -203.22938234   -202.91850160
      3.36   -203.23036313   -202.92076391
      3.38   -203.23128904   -202.92292855
      3.40   -203.23216292   -202.92500001
      3.42   -203.23298748   -202.92698262
      3.44   -203.23376531   -202.92888053
      3.46   -203.23449881   -202.93069777
      3.48   -203.23519036   -202.93243821
      3.50   -203.23584214   -202.93410562
      3.52   -203.23645621   -202.93570365
      3.54   -203.23703455   -202.93723585
      3.56   -203.23757904   -202.93870567
      3.58   -203.23809137   -202.94011602
      3.60   -203.23857339   -202.94147124
      3.62   -203.23902660   -202.94277412
      3.64   -203.23945252   -202.94402789
      3.66   -203.23985257   -202.94523495
      3.68   -203.24022813   -202.94640021
      3.70   -203.24058047   -202.94752595
      3.72   -203.24091082   -202.94861529
      3.74   -203.24122033   -202.94967125
      3.76   -203.24150962   -202.95069253
      3.78   -203.24178072   -202.95168995
      3.80   -203.24203411   -202.95266194
      3.82   -203.24227074   -202.95361049
      3.84   -203.24249148   -202.95453670
      3.86   -203.24269721   -202.95544247
      3.88   -203.24288862   -202.95632750
      3.90   -203.24306669   -202.95719269
      3.92   -203.24323202   -202.95803726
      3.94   -203.24338531   -202.95886054
      3.96   -203.24352722   -202.95966179
      3.98   -203.24365836   -202.96044020
      4.00   -203.24377933   -202.96119500
      4.02   -203.24389069   -202.96192557
      4.04   -203.24399298   -202.96263142
      4.06   -203.24408670   -202.96331223
      4.08   -203.24417119   -202.96396768
      4.12   -203.24431994   -202.96520354
      4.14   -203.24438396   -202.96578420
      4.16   -203.24444159   -202.96634043
      4.18   -203.24449322   -202.96687269
      4.20   -203.24453920   -202.96738148
      4.22   -203.24457986   -202.96786735
      4.24   -203.24461554   -202.96833090
      4.26   -203.24464335   -202.96877251
      4.28   -203.24466986   -202.96919328
      4.30   -203.24469224   -202.96959364
      4.32   -203.24471076   -202.96997422
      4.34   -203.24472565   -202.97033569
      4.36   -203.24473716   -202.97067871
      4.38   -203.24474550   -202.97100391
      4.40   -203.24475088   -202.97131193
      4.42   -203.24475351   -202.97160341
      4.44   -203.24475356   -202.97187894
      4.46   -203.24475122   -202.97213914
      4.48   -203.24474666   -202.97238459
      4.50   -203.24474002   -202.97261587
      4.52   -203.24473147   -202.97283351
      4.54   -203.24472115   -202.97303805
      4.56   -203.24470918   -202.97323005
      4.58   -203.24469571   -202.97341000
      4.60   -203.24468083   -202.97357839
      4.62   -203.24466466   -202.97373569
      4.64   -203.24464732   -202.97388237
      4.66   -203.24462891   -202.97401887
      4.68   -203.24460950   -202.97414562
      4.70   -203.24458920   -202.97426304
      4.72   -203.24456809   -202.97437152
      4.74   -203.24454625   -202.97447145
      4.76   -203.24452374   -202.97456320
      4.78   -203.24450065   -202.97464713
      4.80   -203.24447702   -202.97472360
      4.82   -203.24445293   -202.97479292
      4.84   -203.24442844   -202.97485542
      4.86   -203.24440359   -202.97491141
      4.88   -203.24437844   -202.97496118
      4.90   -203.24435303   -202.97500502
      4.92   -203.24432741   -202.97504321
      4.94   -203.24430162   -202.97507602
      4.96   -203.24427570   -202.97510368
      4.98   -203.24424968   -202.97512645
      5.00   -203.24422360   -202.97514457
      5.02   -203.24419749   -202.97515825
      5.04   -203.24417139   -202.97516772
      5.06   -203.24414531   -202.97517319
      5.08   -203.24411928   -202.97517484
      5.10   -203.24409333   -202.97517289
      5.12   -203.24406748   -202.97516750
      5.14   -203.24404175   -202.97515886
      5.16   -203.24401616   -202.97514714
      5.18   -203.24399072   -202.97513250
      5.20   -203.24396546   -202.97511510
      5.22   -203.24394039   -202.97509508
      5.24   -203.24391552   -202.97507260
      5.26   -203.24389086   -202.97504779
      5.28   -203.24386643   -202.97502079
      5.30   -203.24384224   -202.97499171
      5.32   -203.24381830   -202.97496070
      5.34   -203.24379461   -202.97492785
      5.36   -203.24377119   -202.97489328
      5.38   -203.24374804   -202.97485711
      5.40   -203.24372517   -202.97481943
      5.42   -203.24370258   -202.97478035
      5.44   -203.24368028   -202.97473995
      5.46   -203.24365828   -202.97469833
      5.48   -203.24363658   -202.97465557
      5.50   -203.24361517   -202.97461177
      5.52   -203.24359408   -202.97456699
      5.54   -203.24357329   -202.97452132
      5.56   -203.24355280   -202.97447482
      5.58   -203.24353263   -202.97442757
      5.60   -203.24351277   -202.97437963
      5.62   -203.24349323   -202.97433107
      5.64   -203.24347399   -202.97428195
      5.66   -203.24345507   -202.97423232
      5.68   -203.24343647   -202.97418224
      5.70   -203.24341817   -202.97413177
      5.72   -203.24340019   -202.97408095
      5.74   -203.24338251   -202.97402983
      5.76   -203.24336515   -202.97397845
      5.78   -203.24334809   -202.97392687
      5.80   -203.24333133   -202.97387512
      5.82   -203.24331489   -202.97382325
      5.84   -203.24329874   -202.97377128
      5.86   -203.24328285   -202.97371926
      5.88   -203.24326730   -202.97366722
      5.90   -203.24325204   -202.97361518
      5.92   -203.24323707   -202.97356319
      5.96   -203.24320803   -202.97345944
      5.98   -203.24319385   -202.97340757
      6.00   -203.24318002   -202.97335602
      6.02   -203.24316646   -202.97330464
      6.04   -203.24315318   -202.97325345
      6.06   -203.24314016   -202.97320248
      6.08   -203.24312741   -202.97315174
      6.10   -203.24311492   -202.97310125
      6.12   -203.24310269   -202.97305103
      6.14   -203.24309071   -202.97300109
      6.16   -203.24307899   -202.97295145
      6.18   -203.24306751   -202.97290213
      6.20   -203.24305628   -202.97285313
      6.22   -203.24304528   -202.97280447
      6.24   -203.24303453   -202.97275616
      6.26   -203.24302400   -202.97270821
      6.28   -203.24301370   -202.97266063
      6.30   -203.24300361   -202.97261335
      6.32   -203.24299376   -202.97256653
      6.34   -203.24298413   -202.97252011
      6.36   -203.24297471   -202.97247409
      6.38   -203.24296551   -202.97242848
      6.40   -203.24295648   -202.97238320
      6.42   -203.24294769   -202.97233841
      6.44   -203.24293905   -202.97229406
      6.46   -203.24293064   -202.97225012
      6.48   -203.24292243   -202.97220662
      6.50   -203.24291441   -202.97216355
      6.52   -203.24290652   -202.97211958
      6.54   -203.24289887   -202.97207738
      6.56   -203.24289139   -202.97203562
      6.58   -203.24288409   -202.97199430
      6.60   -203.24287696   -202.97195341
      6.62   -203.24286999   -202.97191297
      6.64   -203.24286319   -202.97187297
      6.66   -203.24285655   -202.97183341
      6.68   -203.24285006   -202.97179429
      6.70   -203.24284373   -202.97175561
      6.72   -203.24283755   -202.97171736
      6.74   -203.24283152   -202.97167955
      6.76   -203.24282563   -202.97164217
      6.78   -203.24281988   -202.97160523
      6.80   -203.24281432   -202.97156872
      6.82   -203.24280885   -202.97153263
      6.84   -203.24280352   -202.97149697
      6.86   -203.24279830   -202.97139299
      6.88   -203.24279322   -202.97135818
      6.90   -203.24278826   -202.97132377
      6.92   -203.24278343   -202.97128978
      6.94   -203.24277871   -202.97125621
      6.98   -203.24276961   -202.97118949
      7.00   -203.24276523   -202.97115712
      7.02   -203.24276092   -202.97112515
      7.04   -203.24275676   -202.97109357
      7.06   -203.24275269   -202.97106238
      7.08   -203.24274873   -202.97103158
      7.10   -203.24274486   -202.97100115
      7.12   -203.24274109   -202.97097110
      7.14   -203.24273741   -202.97094143
      7.16   -203.24273382   -202.97091212
      7.18   -203.24273032   -202.97088317
      7.20   -203.24272691   -202.97085459
      7.22   -203.24272357   -202.97082636
      7.24   -203.24272032   -202.97079848
      7.26   -203.24271715   -202.97077094
      7.28   -203.24271406   -202.97074375
      7.30   -203.24271104   -202.97071689
      7.32   -203.24270809   -202.97069037
      7.34   -203.24270522   -202.97066418
      7.36   -203.24270242   -202.97063831
      7.38   -203.24269968   -202.97061277
      7.40   -203.24269701   -202.97058754
      7.42   -203.24269440   -202.97056262
      7.44   -203.24269185   -202.97053800
      7.46   -203.24268937   -202.97051369
      7.48   -203.24268694   -202.97048968
      7.50   -203.24268457   -202.97046597
      7.52   -203.24268226   -202.97044254
      7.54   -203.24268000   -202.97041940
      7.56   -203.24267779   -202.97039655
      7.58   -203.24267564   -202.97037397
      7.60   -203.24267353   -202.97035166
      7.62   -203.24267147   -202.97032963
      7.64   -203.24266946   -202.97030786
      7.66   -203.24266750   -202.97028635
      7.68   -203.24266557   -202.97026510
      7.70   -203.24266370   -202.97024411
      7.74   -203.24266006   -202.97020287
      7.76   -203.24265831   -202.97018258
      7.78   -203.24265659   -202.97016257
      7.80   -203.24265491   -202.97014280
      7.82   -203.24265326   -202.97012326
      7.84   -203.24265165   -202.97010394
      7.86   -203.24265008   -202.97008486
      7.88   -203.24264854   -202.97006599
      7.90   -203.24264703   -202.97004734
      7.92   -203.24264555   -202.97002891
      7.94   -203.24264410   -202.97001069
      7.96   -203.24264268   -202.96999268
      7.98   -203.24264129   -202.96997488
      8.00   -203.24263993   -202.96995728
      8.04   -203.24263729   -202.96992267
      8.08   -203.24263474   -202.96988885
      8.12   -203.24263230   -202.96985577
      8.16   -203.24262990   -202.96982343
      8.20   -203.24262764   -202.96979179
      8.24   -203.24262545   -202.96976085
      8.28   -203.24262334   -202.96973054
      8.30   -203.24262232   -202.96971568
      8.32   -203.24262134   -202.96970095
      8.34   -203.24262035   -202.96968637
      8.38   -203.24261841   -202.96965769
      8.42   -203.24261654   -202.96962961
      8.46   -203.24261473   -202.96960212
      8.50   -203.24261298   -202.96957521
      8.54   -203.24261127   -202.96954716
      8.58   -203.24260962   -202.96952134
      8.62   -203.24260802   -202.96949605
      8.66   -203.24260647   -202.96947128
      8.70   -203.24260497   -202.96944700
      8.74   -203.24260351   -202.96942321
      8.78   -203.24260209   -202.96939989
      8.82   -203.24260071   -202.96937704
      8.86   -203.24259932   -202.96935463
      8.90   -203.24259801   -202.96933266
      8.94   -203.24259674   -202.96931112
      8.98   -203.24259550   -202.96928999
      9.02   -203.24259430   -202.96926927
      9.06   -203.24259312   -202.96924895
      9.10   -203.24259197   -202.96922901
      9.14   -203.24259085   -202.96920944
      9.18   -203.24258976   -202.96919025
      9.22   -203.24258869   -202.96917141
      9.26   -203.24258765   -202.96915292
      9.30   -203.24258664   -202.96913478
      9.34   -203.24258564   -202.96911696
      9.38   -203.24258472   -202.96909948
      9.42   -203.24258377   -202.96908231
      9.46   -203.24258285   -202.96906545
      9.50   -203.24258194   -202.96904890
      9.54   -203.24258106   -202.96903264
      9.58   -203.24258020   -202.96901667
      9.62   -203.24257935   -202.96900099
      9.66   -203.24257853   -202.96898558
      9.70   -203.24257772   -202.96897045
      9.74   -203.24257693   -202.96895554
      9.78   -203.24257615   -202.96894093
      9.82   -203.24257540   -202.96892658
      9.86   -203.24257466   -202.96891247
      9.90   -203.24257393   -202.96889860
      9.94   -203.24257322   -202.96888497
      9.98   -203.24257254   -202.96887327
     10.00   -203.24257186   -202.96886011
